0 0.565293 0.478840 0.051898 0.052153
0 0.251453 0.945535 0.105375 0.103542
0 0.470566 0.974000 0.101227 0.052000
0 0.625520 0.869722 0.111664 0.163944
0 0.506570 0.427722 0.100859 0.080111
0 0.372047 0.510521 0.042313 0.047208
0 0.275570 0.491229 0.037219 0.038181
0 0.320402 0.478354 0.037961 0.035514
0 0.387672 0.426861 0.027313 0.031472
0 0.343484 0.431563 0.026188 0.023542
0 0.361539 0.413083 0.027453 0.025222
0 0.301297 0.419493 0.022266 0.024319
0 0.282047 0.400479 0.026219 0.022319
0 0.188777 0.434340 0.033023 0.051986
0 0.423828 0.561576 0.048438 0.070458
0 0.708859 0.553299 0.059000 0.059097
0 0.650617 0.437153 0.123141 0.086250
0 0.962680 0.606951 0.074641 0.075819
0 0.258113 0.547986 0.040336 0.067361
0 0.216840 0.393889 0.023352 0.025000
0 0.247996 0.399833 0.027977 0.026167
0 0.821996 0.559021 0.068773 0.055764
0 0.331191 0.539444 0.040430 0.059444
0 0.301055 0.650069 0.051656 0.093056
0 0.778430 0.655236 0.084578 0.071583
0 0.567648 0.498556 0.055547 0.091250
0 0.800590 0.506889 0.063258 0.047667
0 0.682031 0.497563 0.052500 0.052875
