0 0.323008 0.420556 0.028984 0.025000
0 0.348320 0.435861 0.026641 0.024222
0 0.262453 0.546604 0.041156 0.057458
0 0.559434 0.775174 0.081367 0.124764
0 0.485051 0.454750 0.031305 0.027722
0 0.556215 0.458833 0.033820 0.038972
0 0.323000 0.527243 0.046812 0.068097
0 0.460234 0.469931 0.037344 0.033750
0 0.313359 0.477187 0.038281 0.031597
0 0.382344 0.484931 0.039375 0.038750
0 0.825617 0.553174 0.072453 0.071042
0 0.765852 0.602361 0.068687 0.075500
0 0.835090 0.689382 0.090305 0.084542
0 0.282715 0.652715 0.056102 0.099875
0 0.502848 0.649896 0.069930 0.107847
0 0.391121 0.430000 0.032086 0.031944
0 0.622383 0.449569 0.043984 0.034417
0 0.633867 0.476042 0.042266 0.036806
0 0.243996 0.468882 0.035445 0.045958
0 0.614609 0.504236 0.049063 0.050417
0 0.971406 0.720486 0.057188 0.088750
0 0.433555 0.948333 0.121172 0.103333
0 0.226695 0.932056 0.107109 0.133750
