0 0.211430 0.400396 0.024734 0.022153
0 0.303238 0.412951 0.020898 0.022181
0 0.779941 0.423042 0.035383 0.041944
0 0.452937 0.518632 0.044344 0.055542
0 0.455562 0.587201 0.058625 0.070347
0 0.274219 0.602153 0.044062 0.073194
0 0.344945 0.490000 0.041047 0.048611
0 0.263570 0.479826 0.038484 0.046181
0 0.258086 0.549097 0.038984 0.048611
0 0.585664 0.523118 0.048047 0.045514
0 0.433555 0.938472 0.131172 0.123056
0 0.811719 0.927292 0.139219 0.145417
0 0.373203 0.438944 0.031406 0.024833
0 0.406953 0.434028 0.029844 0.026389
0 0.480078 0.435347 0.033750 0.030417
0 0.482184 0.467993 0.040008 0.037375
0 0.528711 0.726479 0.068359 0.103097
0 0.718422 0.604090 0.064609 0.080347
0 0.850078 0.562396 0.061766 0.079153
0 0.785410 0.561993 0.099039 0.095264
0 0.575605 0.480167 0.052039 0.051056
0 0.613719 0.476444 0.036594 0.034639
0 0.385301 0.626479 0.058305 0.094069
0 0.249207 0.396229 0.024742 0.021903
