0 0.965617 0.707667 0.064375 0.065278
0 0.686523 0.742688 0.090188 0.116347
0 0.497332 0.481389 0.042758 0.038750
0 0.462691 0.949444 0.114289 0.095083
0 0.772852 0.652861 0.078312 0.090583
0 0.608117 0.889674 0.110719 0.182292
0 0.635223 0.557438 0.058961 0.051931
0 0.555273 0.466806 0.051953 0.049444
0 0.326355 0.421493 0.034852 0.026597
0 0.316949 0.405111 0.028180 0.022556
0 0.271941 0.834472 0.080508 0.158389
0 0.766711 0.405868 0.045016 0.043542
0 0.377422 0.614028 0.056406 0.084444
0 0.477656 0.610187 0.061250 0.087681
0 0.426953 0.434778 0.039844 0.038750
0 0.594453 0.461528 0.033906 0.038611
0 0.398945 0.445903 0.029297 0.027917
0 0.307078 0.467292 0.037563 0.035139
0 0.273828 0.489583 0.036562 0.041389
0 0.237656 0.535444 0.039219 0.046167
0 0.276203 0.704514 0.062688 0.091528
0 0.814422 0.519597 0.059906 0.057917
0 0.768801 0.568944 0.067367 0.067306
