0 0.372152 0.407931 0.029305 0.027194
0 0.409402 0.672847 0.059086 0.107083
0 0.284801 0.688889 0.060633 0.117222
0 0.338309 0.542500 0.046664 0.061111
0 0.521508 0.657840 0.071312 0.118486
0 0.265898 0.587076 0.044766 0.076542
0 0.494133 0.551833 0.049938 0.053083
0 0.420988 0.542687 0.053695 0.065125
0 0.877773 0.645674 0.082687 0.071264
0 0.576258 0.483083 0.050875 0.052889
0 0.774734 0.870417 0.118641 0.148306
0 0.456187 0.604014 0.051344 0.077194
0 0.715336 0.513646 0.055375 0.059792
0 0.700340 0.598917 0.066695 0.071306
0 0.850840 0.694007 0.089523 0.083181
0 0.978426 0.598368 0.043148 0.143403
0 0.249023 0.913646 0.099297 0.166319
0 0.673387 0.959278 0.115883 0.074306
0 0.597109 0.463285 0.029406 0.033014
0 0.444172 0.461396 0.037281 0.030319
0 0.487652 0.435708 0.034070 0.041611
0 0.362246 0.433757 0.033523 0.029792
0 0.312930 0.424542 0.027109 0.023528
0 0.308605 0.402576 0.028102 0.022903
0 0.236992 0.518569 0.032766 0.051722
0 0.264262 0.483861 0.036570 0.038806
0 0.228641 0.451847 0.037719 0.039806
0 0.240789 0.407729 0.032328 0.026764
