0 0.267316 0.539250 0.040164 0.069194
0 0.216777 0.400090 0.030039 0.028236
0 0.223453 0.425278 0.029672 0.026389
0 0.360219 0.420556 0.019719 0.023056
0 0.347934 0.429778 0.034680 0.026333
0 0.205480 0.484924 0.033555 0.051986
0 0.436871 0.439632 0.031617 0.034347
0 0.505812 0.443924 0.118250 0.121236
0 0.428887 0.501257 0.044336 0.047181
0 0.367211 0.510528 0.046359 0.051333
0 0.664563 0.492854 0.046172 0.034792
0 0.732266 0.622354 0.069219 0.064764
0 0.454453 0.955146 0.112812 0.087403
0 0.774121 0.536687 0.052461 0.039958
0 0.742766 0.560757 0.058375 0.054014
0 0.652750 0.518437 0.050594 0.043819
0 0.242176 0.466840 0.036586 0.048681
0 0.620637 0.552153 0.052273 0.052361
0 0.866328 0.720812 0.095000 0.097514
0 0.560852 0.510090 0.048672 0.048569
0 0.289469 0.501903 0.037484 0.041806
0 0.396125 0.691528 0.059344 0.093444
0 0.502387 0.554028 0.049195 0.056472
