0 0.345758 0.421521 0.033891 0.026097
0 0.597602 0.826569 0.094047 0.139778
0 0.766156 0.642278 0.077375 0.085111
0 0.920125 0.651618 0.100234 0.102764
0 0.628617 0.510549 0.052250 0.047597
0 0.308668 0.521285 0.039961 0.057486
0 0.544996 0.502125 0.044727 0.050056
0 0.657918 0.699174 0.088586 0.113542
0 0.401004 0.677424 0.060992 0.114903
0 0.443539 0.502944 0.049437 0.066778
0 0.494973 0.627146 0.060211 0.099042
0 0.238664 0.919840 0.111813 0.151986
0 0.530676 0.583167 0.053273 0.058083
0 0.664434 0.970799 0.110242 0.056708
0 0.867910 0.930611 0.137930 0.134361
0 0.374453 0.519521 0.043141 0.049931
0 0.380305 0.474931 0.038781 0.041611
0 0.332543 0.481007 0.040367 0.042597
0 0.256871 0.480160 0.035477 0.043569
0 0.701855 0.505486 0.054695 0.057278
0 0.466809 0.447889 0.038789 0.041028
0 0.466223 0.419722 0.033180 0.022306
0 0.345375 0.404535 0.036219 0.022597
0 0.248633 0.447076 0.032266 0.036986
0 0.418875 0.433187 0.037891 0.034903
0 0.648348 0.567667 0.056383 0.049778
0 0.542563 0.458389 0.047781 0.042611
0 0.403559 0.415299 0.032414 0.029847
0 0.199184 0.446368 0.019586 0.032181
0 0.295000 0.416153 0.027344 0.022556
0 0.261055 0.412062 0.021328 0.022792
0 0.369398 0.589583 0.046719 0.067500
