0 0.430859 0.569799 0.033188 0.059375
0 0.919672 0.546215 0.069875 0.047181
0 0.372020 0.474076 0.037164 0.042375
0 0.404148 0.413847 0.029109 0.030778
0 0.289727 0.437271 0.038641 0.039264
0 0.261500 0.484111 0.033875 0.039250
0 0.259910 0.451674 0.031867 0.033319
0 0.733828 0.798944 0.110000 0.174556
0 0.259766 0.407826 0.029609 0.026319
0 0.293238 0.778486 0.072430 0.150000
0 0.737738 0.492535 0.051555 0.051847
0 0.748547 0.577972 0.070609 0.064361
0 0.544289 0.733528 0.073797 0.110306
0 0.301063 0.596229 0.042797 0.074347
0 0.508844 0.566375 0.054641 0.063167
0 0.328020 0.541375 0.038570 0.062972
0 0.292254 0.506646 0.039008 0.062097
0 0.251699 0.551090 0.041086 0.049458
0 0.322051 0.417250 0.041477 0.034167
0 0.210930 0.402285 0.022344 0.022347
0 0.908867 0.453889 0.037734 0.051667
0 0.912422 0.596597 0.080781 0.060694
0 0.332051 0.486021 0.039023 0.046042
0 0.391602 0.633035 0.088500 0.185153
0 0.432070 0.507285 0.046797 0.060319
