0 0.254492 0.401896 0.021797 0.023153
0 0.438078 0.582187 0.048578 0.062819
0 0.262273 0.898542 0.121719 0.191667
0 0.842543 0.615944 0.072773 0.069472
0 0.616543 0.497646 0.051570 0.059653
0 0.734742 0.518403 0.050047 0.050639
0 0.476270 0.632667 0.059898 0.081889
0 0.225426 0.405861 0.020508 0.023028
0 0.298703 0.404715 0.024156 0.023792
0 0.990824 0.642319 0.018023 0.057972
0 0.699180 0.537701 0.052266 0.058625
0 0.285625 0.625569 0.053938 0.103528
0 0.778332 0.654090 0.087617 0.094847
0 0.551160 0.474340 0.048930 0.051181
0 0.291051 0.503799 0.037117 0.049764
0 0.623969 0.679708 0.076687 0.101861
0 0.660566 0.469340 0.046961 0.036847
0 0.555098 0.450396 0.044023 0.034431
0 0.515477 0.433076 0.044250 0.034931
0 0.464086 0.451688 0.033484 0.029931
0 0.543187 0.582826 0.054875 0.075653
0 0.461180 0.520097 0.049672 0.059944
0 0.327965 0.539194 0.040367 0.059111
0 0.378941 0.513590 0.042117 0.056514
0 0.383762 0.482951 0.034664 0.034514
0 0.324039 0.444840 0.038453 0.045625
0 0.273184 0.462875 0.033539 0.034972
0 0.230039 0.467750 0.032109 0.037278
0 0.236145 0.442549 0.033180 0.025792
0 0.269289 0.435812 0.031422 0.027236
0 0.407141 0.447917 0.025781 0.026750
0 0.368762 0.439771 0.024633 0.024819
0 0.343105 0.419736 0.021086 0.022250
0 0.174523 0.376354 0.062391 0.064097
