0 0.249453 0.517917 0.045781 0.073611
0 0.722699 0.548438 0.064523 0.070153
0 0.595125 0.528715 0.048922 0.060597
0 0.491508 0.462472 0.038531 0.040222
0 0.626020 0.499549 0.052102 0.053181
0 0.447813 0.457743 0.046500 0.048264
0 0.440617 0.581764 0.052109 0.067083
0 0.342871 0.543014 0.040086 0.067778
0 0.839027 0.621674 0.091758 0.074736
0 0.364543 0.434375 0.036539 0.031250
0 0.326055 0.418264 0.028672 0.024861
0 0.254766 0.457917 0.030937 0.033056
0 0.243484 0.430347 0.036156 0.030972
0 0.285234 0.403333 0.025625 0.023611
0 0.383984 0.426806 0.019688 0.022500
0 0.431875 0.422153 0.033281 0.029583
0 0.516211 0.439986 0.047734 0.037194
0 0.834414 0.547847 0.079453 0.072083
0 0.971133 0.719326 0.057734 0.094208
0 0.289727 0.593681 0.079141 0.163472
0 0.351523 0.470271 0.044453 0.066292
0 0.532348 0.676944 0.070008 0.103611
0 0.500246 0.556868 0.064398 0.073042
