0 0.433805 0.897500 0.105828 0.192778
0 0.238590 0.521167 0.038133 0.063167
0 0.985582 0.636264 0.028383 0.087583
0 0.382117 0.624201 0.050766 0.077236
0 0.668086 0.521965 0.043828 0.044931
0 0.423809 0.421687 0.037070 0.034153
0 0.507133 0.464465 0.040359 0.037986
0 0.273965 0.839493 0.085648 0.135764
0 0.853082 0.942514 0.107055 0.108250
0 0.829875 0.611771 0.069937 0.062708
0 0.333672 0.427444 0.029219 0.026278
0 0.637738 0.561507 0.041414 0.050625
0 0.307852 0.528472 0.042266 0.063611
0 0.862445 0.706104 0.104109 0.098625
0 0.192773 0.475486 0.013047 0.031722
0 0.192437 0.442111 0.021906 0.031722
0 0.252969 0.403750 0.029687 0.025833
0 0.294516 0.463681 0.039406 0.039861
0 0.343867 0.494514 0.038828 0.040972
0 0.597254 0.642937 0.067320 0.083819
0 0.567090 0.444514 0.041055 0.034028
0 0.562266 0.489792 0.041406 0.038750
