0 0.663152 0.476292 0.043758 0.030861
0 0.929129 0.608486 0.083602 0.075306
0 0.676910 0.580743 0.062211 0.066819
0 0.522504 0.693181 0.066523 0.116250
0 0.682719 0.721694 0.086203 0.128083
0 0.811191 0.676153 0.085023 0.082917
0 0.329563 0.545257 0.041609 0.058375
0 0.397578 0.657521 0.069687 0.137236
0 0.889000 0.962951 0.145438 0.074097
0 0.282738 0.782111 0.078508 0.169556
0 0.236687 0.522382 0.034484 0.047319
0 0.390652 0.442465 0.032883 0.029958
0 0.596523 0.529813 0.038641 0.048931
0 0.610254 0.474090 0.050336 0.051625
0 0.447281 0.573403 0.053781 0.065833
0 0.979398 0.580125 0.041125 0.071694
0 0.936516 0.692208 0.085641 0.076556
0 0.239488 0.464090 0.034367 0.040014
0 0.445473 0.464368 0.034492 0.034208
0 0.472500 0.425208 0.044391 0.038083
0 0.535582 0.437674 0.039508 0.030958
0 0.498891 0.483257 0.046750 0.040708
0 0.274895 0.589701 0.040117 0.052403
0 0.285488 0.629090 0.042477 0.071403
0 0.341004 0.493035 0.040289 0.047875
0 0.544500 0.583069 0.066500 0.098083
0 0.676215 0.965444 0.106805 0.068083
0 0.262844 0.447951 0.038969 0.040014
0 0.213055 0.439049 0.032484 0.028931
0 0.313586 0.417097 0.027828 0.022806
0 0.201984 0.478701 0.030687 0.047042
0 0.262937 0.410500 0.024781 0.023333
0 0.345809 0.462431 0.036461 0.033500
0 0.234938 0.401153 0.029406 0.026472
